7
10
11
12
14
18
21
34
37
39
44
45
46
53
60
63
75
79
85
88
89
92
94
100
104
109
111
115
117
119
120
121
128
134
136
138
145
149
150
155
159
163
165
166
167
168
172
173
174
175
177
178
181
183
185
187
188
189
191
192
193
198
199
200
201
203
204
211
217
219
223
224
226
232
233
234
240
241
242
245
246
247
248
249
252
253
256
257
259
260
262
264
266
267
268
272
275
276
279
281
282
283
285
286
288
289
290
291
292
294
297
298
303
305
307
308
310
311
315
321
322
327
329
330
331
332
333
334
335
338
340
341
342
343
345
346
347
348
350
351
355
356
359
360
362
363
364
365
366
368
370
372
373
374
376
377
378
379
380
381
384
385
386
388
391
393
394
395
398
399
400
401
402
403
407
408
409
411
412
413
414
415
417
soft 210
room 540
time 8
1 183
