22
34
42
43
44
47
50
53
55
57
60
68
71
73
76
79
97
98
100
102
103
108
110
111
113
114
126
127
142
143
156
157
159
161
162
172
175
177
179
180
182
184
185
189
190
192
196
206
208
209
211
215
216
217
218
219
221
225
232
233
238
239
242
244
248
257
258
261
263
265
266
269
283
287
288
289
290
291
292
297
298
304
310
311
313
315
321
324
335
337
339
345
351
352
353
355
359
363
367
372
373
374
379
380
382
383
384
385
387
388
389
391
397
399
405
406
408
413
415
416
417
418
419
420
422
424
434
435
436
437
438
440
443
445
446
447
450
453
455
458
459
464
467
468
475
488
493
502
508
509
510
511
518
526
531
542
553
562
566
567
569
573
583
584
586
587
592
596
597
598
601
606
607
608
609
613
615
617
631
633
642
643
644
646
649
650
652
653
656
657
659
662
664
665
669
670
671
673
674
675
679
680
682
683
684
685
687
689
700
705
708
709
710
713
714
720
722
724
727
733
734
735
736
737
738
739
743
749
750
751
752
754
756
758
759
764
766
767
769
770
776
779
781
783
784
785
786
788
790
792
797
803
804
808
821
822
823
824
825
826
827
828
829
845
846
847
848
849
850
851
852
853
854
855
862
863
864
865
866
867
868
869
870
871
872
873
874
875
881
882
889
891
892
895
896
899
904
905
906
909
911
916
917
919
923
924
926
927
929
930
931
932
933
934
935
936
937
938
939
941
943
944
946
948
960
968
973
974
975
976
977
978
979
980
981
982
983
985
986
987
989
992
996
997
1003
1004
1005
1008
1009
1010
1011
1012
1013
1020
1021
1023
1024
1025
1026
1029
1030
1032
1034
1036
1038
1042
1043
1044
1045
1046
1047
1048
1049
1054
1057
1060
1065
1066
1067
1071
1076
1079
1081
1083
1084
1088
1090
1091
1092
1102
1103
1104
1107
1108
1111
1114
1117
1118
1119
1120
1121
1122
1123
1124
1125
1127
1128
1129
1130
1131
1132
1134
1135
1138
1143
1145
1148
1149
1150
1151
1153
1155
1158
1159
1160
1161
1162
1164
1166
1167
1168
1169
1170
1172
1173
1176
1177
1179
1181
1182
1183
1184
1186
1187
1189
1192
1194
1195
1197
1198
1200
1206
1208
1210
1214
1215
1216
1217
1218
1219
1234
1238
1239
1241
1243
1244
1245
1246
1248
1249
1259
1260
1261
1265
1266
1267
1268
1271
1273
1275
1277
1288
1290
1295
1298
1303
1306
1311
1312
1316
1322
1324
1325
1327
1328
1334
1338
1341
1342
1343
1345
1346
1347
1349
1350
1351
1352
1353
1354
1355
1356
1358
1359
1361
1363
1365
1367
1371
1372
1373
1374
1388
1390
1393
1397
1398
1399
1401
1403
1405
1408
1412
1413
1414
1416
1417
1420
1421
1422
1425
1426
1428
1429
1431
1432
1436
1437
1438
1439
1441
1442
1446
1447
1448
1449
1450
1451
1452
1453
1455
1456
1459
1463
1466
1467
1468
1471
1473
1474
1475
1476
1481
1482
1483
1486
1487
1490
1491
1493
1495
1501
1502
1504
1505
1508
1509
1510
1511
1513
1514
