34
37
38
40
43
46
47
49
50
52
53
55
56
58
59
63
73
74
76
78
80
81
86
88
89
92
94
96
97
98
99
132
135
136
137
145
146
149
151
160
161
168
169
170
171
172
173
175
180
182
190
191
192
193
194
198
199
204
206
207
208
212
213
216
219
223
224
225
228
229
233
237
240
241
242
243
244
246
247
248
254
255
257
258
259
263
266
267
269
270
271
273
274
276
277
280
285
289
292
293
294
297
299
304
305
306
308
309
311
313
314
316
317
318
319
320
322
323
326
327
328
329
330
331
332
333
334
336
338
340
344
356
360
366
368
371
372
375
380
381
382
383
385
390
391
392
393
394
395
400
402
404
405
406
407
408
409
411
412
413
414
415
416
418
420
421
422
423
424
426
427
429
430
433
434
435
438
439
440
444
447
450
451
452
455
457
458
462
463
464
465
466
467
470
474
475
476
477
478
479
481
488
489
490
493
498
500
501
504
506
507
510
511
512
513
514
515
516
517
518
523
524
527
528
532
533
535
539
542
546
548
549
551
553
554
555
557
559
562
563
565
566
567
568
570
573
574
576
577
578
579
581
583
585
586
588
589
590
593
595
598
599
600
601
603
606
610
611
612
613
615
618
619
621
623
624
627
628
629
630
643
644
648
650
653
654
655
656
657
658
659
662
663
664
665
668
671
673
675
676
680
681
682
683
687
688
689
691
694
696
698
699
701
703
707
708
710
